# 3D Line Features: x1 y1 z1 x2 y2 z2 type class_id confidence (0=Rail, 1=Pole)
0.839975 5.68438 0 6.6612 9.5638 0 0 1 0.491667
-1.90302 -5.76771 0 6.09857 -5.60868 0 0 1 0.466667
14.7076 -0.320085 -0.507284 14.7076 -0.320085 2.30364 1 3 1
6.22444 8.50919 -0.135799 6.22444 8.50919 3.26195 1 3 1
97.0319 -17.4123 0.409295 97.0319 -17.4123 3.43751 1 3 1
66.8888 -18.727 0.673452 66.8888 -18.727 3.49373 1 3 1
45.6462 4.53688 -0.298884 45.6462 4.53688 0.0384365 1 3 1
51.7837 -8.71133 -0.352809 51.7837 -8.71133 1.32968 1 3 1
29.8005 8.62596 -0.1854 29.8005 8.62596 0.668897 1 3 1
114.46 -16.8794 0.882021 114.46 -16.8794 3.4703 1 3 1
37.0466 11.5025 0.613176 37.0466 11.5025 2.62852 1 3 1
16.5887 7.09618 -0.201406 16.5887 7.09618 0.31336 1 3 1
38.0943 -9.6246 -0.362084 38.0943 -9.6246 1.22695 1 3 1
81.5041 -18.1879 0.754534 81.5041 -18.1879 3.48617 1 3 1
51.6148 12.9183 0.0544476 51.6148 12.9183 2.57826 1 3 1
181.777 -0.148631 1.37048 181.777 -0.148631 3.49949 1 3 1
2.46407 -6.19224 1.12863 2.46407 -6.19224 3.40031 1 3 1
38.9579 7.89498 -0.238346 38.9579 7.89498 0.0689601 1 3 1
85.037 -18.0264 0.431482 85.037 -18.0264 3.43835 1 3 1
79.2679 14.4422 0.0961641 79.2679 14.4422 2.2562 1 3 1
11.5014 -15.9346 1.72985 11.5014 -15.9346 3.41759 1 3 1
56.047 -5.89806 -0.354105 56.047 -5.89806 -0.121761 1 3 1
61.1184 -8.38977 -0.31909 61.1184 -8.38977 1.3207 1 3 1
38.6351 6.5175 -0.169188 38.6351 6.5175 0.0538307 1 3 1
17.2111 8.66225 0.01979 17.2111 8.66225 2.25737 1 3 1
75.3772 -18.5064 1.14024 75.3772 -18.5064 2.17225 1 3 1
93.7978 16.9702 1.86859 93.7978 16.9702 2.56925 1 3 1
108.587 -6.13314 -0.102279 108.587 -6.13314 1.44037 1 3 1
71.5321 -18.8098 0.686286 71.5321 -18.8098 2.13741 1 3 0.94
86.1477 -16.7349 2.14413 86.1477 -16.7349 3.07999 1 3 0.92
46.8308 5.17986 -0.195215 46.8308 5.17986 0.00700265 1 3 0.88
221.6 28.4735 0.0502256 221.6 28.4735 3.48638 1 3 0.88
12.0397 -17.2006 1.03085 12.0397 -17.2006 2.12962 1 3 0.86
102.278 5.979 0.0508878 102.278 5.979 2.0376 1 3 0.86
