# BEV structural edge points (Phase3): x y z intensity
87.9073 -7.84003 -0.126382 9.53295
90.2591 -7.842 -0.0824844 3.08045
2.39448 -5.67749 -0.0900283 8.38683
2.89727 -5.56577 -0.0869257 9.57404
3.88365 -5.53108 -0.0790543 13.8679
2.14993 -5.42475 -0.159836 0.809156
2.61406 -5.43861 -0.122014 7.32465
2.85371 -5.40342 -0.135466 3.1137
3.13734 -5.42783 -0.134547 5.95282
3.33835 -5.45352 -0.160179 0.749664
3.87889 -5.40779 -0.144477 12.1238
11.5272 -5.34965 -0.0298096 11.3615
14.4193 -5.05257 -0.0204577 11.7048
20.616 -4.64906 -0.203998 6.76256
23.6047 -3.61009 -0.224646 4.28205
25.8627 -3.62923 -0.205969 8.01167
24.1094 -3.41474 -0.204277 7.52136
24.3793 -3.41033 -0.209895 7.66129
11.1135 5.95413 -0.12287 0.104514
11.1903 6.12127 -0.0314255 4.43318
3.47027 8.19528 -0.0602272 0
5.58453 8.22169 -0.0801883 0.148082
3.57963 8.29012 -0.242285 0
5.36223 8.38781 -0.0635851 6.7674
5.66179 8.3831 -0.0667412 10.8226
12.3418 8.99194 -0.0298986 3.05058
17.6495 8.75018 -0.0356017 0.0780606
87.8255 -7.88283 0.0709672 31.2681
2.10464 -5.82255 0.102772 15.4214
2.32193 -5.78495 0.192823 9.84269
2.37714 -5.66512 0.11385 11.9698
2.14206 -5.49021 0.0586151 0.467684
2.345 -5.46101 0.0848861 0.310054
13.6973 -5.18123 0.117465 15.3267
14.5559 -5.11584 0.0998569 11.9795
23.3786 -5.06022 0.151881 0.492575
23.3698 -4.87965 0.123684 23.1995
20.6977 -4.71241 0.205346 3.16995
23.5154 -4.46339 0.10937 4.40212
11.1969 6.16028 0.179702 1.42035
3.44552 8.17834 0.100355 0
3.44946 8.28211 0.192322 0
3.58257 8.30122 0.236704 0
3.98307 8.25927 0.0575175 11.9409
8.31967 8.45742 0.0839986 5.86921
7.8697 8.57786 0.107898 4.25301
33.601 8.60572 0.113441 4.04449
87.9234 -18.1304 0.469041 88.796
88.012 -18.2481 0.409295 36.5053
1.88499 -5.86303 0.370667 16.4447
2.11176 -5.82411 0.386827 16.6093
2.33516 -5.82605 0.395476 17.1929
3.12599 -5.8037 0.372417 18.2391
3.3662 -5.84283 0.371914 16.7252
2.37172 -5.65738 0.373136 12.9426
3.35796 -5.58106 0.346321 12.5954
12.4062 -5.67822 0.375043 8.71762
2.34141 -5.46944 0.250862 0.436052
2.79083 -5.45392 0.357433 12.1566
23.4334 -5.27486 0.284254 0
14.5633 -5.06405 0.390913 7.78934
23.5043 -4.40284 0.391814 2.20106
23.4326 -3.93683 0.290501 0
12.9734 -1.45738 0.431739 31.2113
63.9315 2.83402 0.363899 16.8274
11.1846 6.18434 0.284538 0.710992
17.743 7.91019 0.316273 1.85109
6.64562 8.60563 0.433327 10.4319
9.32306 8.70445 0.396172 8.56252
9.84929 8.69421 0.482491 4.88903
33.395 8.86739 0.311749 1.71117
29.5339 9.36431 0.413078 1.65553
33.3253 9.83154 0.367458 17.5455
71.8917 -19.0702 0.74878 21.8376
68.5958 -18.932 0.696278 28.5576
71.8534 -18.889 0.686286 56.3045
84.4679 -18.3938 0.60842 7.6101
84.6669 -18.2972 0.675615 71.9656
88.0399 -18.2563 0.701446 9.12633
88.0119 -18.1841 0.582834 49.1285
84.9013 -17.9553 0.6671 10.0992
88.0639 -17.9409 0.702651 8.9429
89.7207 -17.9546 0.705602 26.6908
92.9429 -17.7674 0.687984 11.3901
91.1651 -17.5806 0.681256 0.746473
91.3772 -17.6763 0.744278 16.016
93.2234 -17.6312 0.691363 36.6989
97.3625 -17.5284 0.719125 75.3432
99.8387 -17.5194 0.680197 17.7751
96.0577 -17.3976 0.725302 14.1081
97.4308 -17.4345 0.684268 34.3996
97.5853 -17.3401 0.697254 15.613
68.6085 -8.38849 0.608222 21.8597
1.8823 -5.93856 0.631204 14.7093
2.12772 -5.88425 0.625888 15.8197
2.38493 -5.87006 0.631527 12.9868
3.15136 -5.4439 0.636083 13.3252
3.25621 -5.42586 0.58379 1.25247
11.4271 -5.20086 0.580077 0
23.4402 -4.5753 0.538268 0
13.0085 -1.84314 0.524147 20.9036
63.9803 2.98714 0.74226 133.101
17.7244 7.95273 0.580104 4.11558
7.35414 8.02385 0.627129 5.26874
3.47004 8.28019 0.562006 0
6.65678 8.60307 0.621358 10.4303
17.6211 8.80884 0.649037 8.57196
65.8099 -19.0129 0.859627 12.8349
71.8826 -19.1283 0.936169 19.4978
71.8663 -18.8303 0.750918 69.2025
71.9451 -18.7419 0.827631 2.95303
78.0374 -18.4685 0.773915 0.890036
84.6257 -18.3684 0.907272 17.9914
88.0251 -18.3699 0.890155 16.3168
79.3575 -18.1969 0.765538 0.760252
80.8329 -18.2385 0.754534 0.945695
87.9468 -18.1761 0.853993 58.8079
88.0166 -18.1384 0.964599 75.1967
84.7119 -17.9973 0.821637 41.5461
84.9277 -17.9953 0.786591 13.7349
88.018 -17.9138 0.785566 40.9883
89.7155 -17.8909 0.890173 38.2705
89.7999 -17.8384 0.958907 3.57067
92.7765 -17.763 0.821208 11.1061
91.3747 -17.6598 0.787149 15.545
92.5873 -17.7351 0.849155 11.761
92.9253 -17.725 0.8056 13.0987
93.2022 -17.644 0.873458 46.724
97.4045 -17.5512 0.912344 35.9531
99.6882 -17.5155 0.846498 10.8251
96.1638 -17.3891 0.885223 14.1081
97.4324 -17.4211 0.853913 35.9531
97.5965 -17.3458 0.910604 17.8899
99.2475 -17.4683 0.81117 63.6045
99.3305 -17.4633 0.906511 41.9239
99.679 -17.4642 0.998088 9.02089
10.877 -17.1628 0.777916 0.154781
68.3239 -8.12543 0.85685 20.5398
2.15871 -5.91722 0.891335 16.1502
3.12141 -5.81738 0.843557 14.8027
63.9725 2.85904 0.771872 106.197
0.232899 8.00104 0.754555 1.14202
3.41151 8.14445 0.903084 0.000584966
3.54219 8.28372 0.824552 1.07721
8.2008 8.45511 0.959927 0.0379722
12.9592 9.21284 0.939601 1.75444
65.6634 -19.2548 1.13712 13.8403
71.8528 -19.0417 1.07293 20.7977
69.2823 -18.7916 1.04302 19.2655
71.8714 -18.8547 1.10623 68.4584
71.9738 -18.715 1.05557 2.95303
75.3163 -18.5482 1.02095 0.828917
77.9139 -18.6801 1.11947 7.04848
78.0462 -18.5289 1.24708 4.64367
78.1658 -18.3841 1.00898 0.755383
84.7084 -18.308 1.16256 56.4776
88.0414 -18.3215 1.23202 19.912
80.9844 -18.193 1.22831 25.6094
88.0179 -18.0974 1.16465 98.9255
84.9408 -17.9834 1.19298 9.42589
88.0031 -17.9473 1.07009 74.2758
88.3652 -17.8809 1.06123 2.28133
89.717 -17.8937 1.16591 41.6787
92.4291 -17.7792 1.09277 11.761
92.7084 -17.7617 1.23891 12.772
92.9902 -17.7516 1.2421 13.9719
92.8267 -17.7214 1.11681 13.3897
93.2141 -17.6535 1.21217 36.6989
97.3635 -17.5471 1.11095 69.7947
96.0859 -17.3761 1.04328 13.2782
97.4462 -17.4161 1.1503 31.5638
98.8323 -17.4459 1.22815 26.354
99.2232 -17.4742 1.05311 70.4321
99.325 -17.4425 1.05067 34.7369
99.648 -17.4913 1.21589 6.31462
14.8687 -16.8759 1.07897 0.0639211
1.97139 -5.51723 1.2402 1.41613
3.3722 -5.47958 1.09537 0.4308
14.4675 -5.17767 1.09583 0.934721
25.8767 -4.19131 1.18391 0.354596
17.6217 7.97542 1.20568 8.86978
3.56662 8.14209 1.15488 0.874429
3.67744 8.30779 1.12539 0.525061
3.87953 8.30483 1.14121 1.6941
59.513 -19.2984 1.45395 8.4216
60.178 -19.2822 1.45489 4.2796
65.7047 -19.2818 1.26311 5.38236
71.1159 -19.0084 1.27886 0
71.8756 -19.1987 1.25421 2.33974
65.5298 -18.9968 1.46279 4.41914
68.4672 -18.8718 1.46796 23.4387
69.3432 -18.793 1.38259 7.83322
71.8919 -18.9345 1.25512 40.1821
72.815 -18.8357 1.32525 2.30939
73.1583 -18.7617 1.40925 2.84482
71.9632 -18.7047 1.36505 3.81433
74.6439 -18.5353 1.33274 4.91834
74.9148 -18.5071 1.3713 17.0361
77.8496 -18.6134 1.34261 40.8224
75.168 -18.4958 1.43836 11.381
75.4071 -18.4743 1.41384 9.9908
75.5475 -18.4775 1.29578 9.22228
80.4269 -18.3344 1.44384 20.2992
87.9706 -18.3335 1.32276 10.2575
87.2054 -18.0305 1.44712 9.54834
87.9591 -18.1633 1.38081 30.8969
84.8233 -17.9789 1.49013 4.03967
86.7598 -17.9481 1.46551 2.91481
87.915 -17.9573 1.49678 9.90581
88.0128 -17.992 1.27146 111.786
88.3565 -17.8773 1.32618 1.98376
89.6969 -17.8881 1.36779 34.4927
92.9417 -17.7528 1.3359 13.0987
91.3102 -17.662 1.3539 14.7599
92.8553 -17.7054 1.37383 13.3897
93.1644 -17.6021 1.3892 29.1156
94.3603 -17.5328 1.49168 11.9439
94.561 -17.6035 1.4321 19.2722
97.0243 -17.5279 1.30262 22.198
99.8175 -17.5047 1.27102 22.2996
97.101 -17.4764 1.4371 13.3953
97.3964 -17.4125 1.35937 25.3268
99.6008 -17.3505 1.42592 12.7392
10.9292 -17.1383 1.34961 0.154911
14.8928 -16.9061 1.36291 0.0671171
1.90763 -5.85668 1.38742 13.5516
2.86648 -5.83117 1.37883 12.9776
3.11019 -5.85122 1.38232 14.0397
3.36742 -5.86969 1.39372 14.7285
1.83157 -5.49432 1.49569 15.6939
14.5363 -5.13965 1.44077 1.2577
63.9124 2.90001 1.47066 32.6287
1.06943 7.96208 1.30866 0.0489588
3.81762 8.22211 1.27554 0.240913
3.9265 8.31898 1.37624 2.3633
17.6281 8.68596 1.46273 7.99341
57.4314 -19.4246 1.63178 3.53781
65.5907 -18.9951 1.67692 13.2574
69.335 -18.781 1.72621 15.5606
71.6731 -18.7837 1.51374 7.21566
71.7706 -18.814 1.6329 9.12545
71.6529 -18.739 1.60032 3.20696
73.2098 -18.6572 1.70944 1.51732
73.6315 -18.6118 1.6408 16.1511
74.8767 -18.5124 1.70652 2.83935
74.8843 -18.4956 1.71509 9.22789
75.4128 -18.4746 1.69931 13.0649
76.8344 -18.4046 1.6758 6.88062
77.6683 -18.3609 1.68405 6.77632
77.89 -18.3757 1.61874 17.4444
78.1475 -18.3335 1.62809 9.44228
80.4474 -18.2075 1.68702 14.2893
80.8126 -18.1931 1.73193 3.79399
84.4977 -18.0153 1.69884 14.1444
84.5802 -18.0108 1.70018 13.2604
86.222 -18.0096 1.71555 2.89888
87.9029 -18.0248 1.56222 7.45047
86.9203 -17.953 1.64228 9.04659
87.6732 -17.927 1.74548 2.81363
87.8841 -17.9945 1.50891 13.2077
88.1291 -17.9001 1.59066 2.59215
88.8717 -17.8535 1.60483 2.9193
89.693 -17.8052 1.63734 29.2914
91.4145 -17.6621 1.73638 13.8844
92.1904 -17.5996 1.58441 10.6517
92.3302 -17.5865 1.55867 5.05591
94.253 -17.5044 1.58999 10.5387
94.5984 -17.5121 1.66211 9.64674
94.7402 -17.4556 1.63583 10.3441
96.6048 -17.3986 1.6458 10.5739
97.1489 -17.3508 1.73791 8.46972
97.3578 -17.3567 1.67714 10.6067
10.9409 -17.1582 1.62902 0.207044
99.7447 -17.2181 1.57961 11.695
87.9384 -8.12597 1.52028 36.9861
87.8861 -7.97704 1.63257 35.8107
2.14351 -5.83206 1.58462 15.474
2.38933 -5.94583 1.58241 13.4969
2.86002 -5.96052 1.56719 13.9652
3.10359 -5.94322 1.60989 13.0937
3.36375 -5.8933 1.6159 12.328
2.35964 -5.73841 1.69246 1.30883
1.67701 -5.47633 1.51144 10.0485
14.541 -5.08693 1.56666 2.86648
3.6798 8.29714 1.61405 1.19276
3.87264 8.29228 1.62346 1.57054
52.8724 -19.7863 1.94412 0.630601
57.5932 -19.5137 1.9901 4.95293
59.5171 -19.3464 1.82425 4.9126
60.1213 -19.3111 1.82851 5.62462
65.7264 -18.9912 1.82751 15.4233
68.4271 -18.8626 1.88303 8.08233
69.304 -18.8267 1.88294 7.8962
69.7618 -18.8122 1.91536 7.14744
71.8929 -18.7294 1.90994 8.30539
73.1381 -18.6677 1.85649 3.08189
73.5965 -18.6436 1.89974 17.6784
74.6548 -18.5232 1.96177 10.6052
75.0378 -18.5144 1.81292 10.6697
75.383 -18.5263 1.93636 4.9735
75.0967 -18.4948 1.87205 10.6697
75.4837 -18.4868 1.87673 12.2964
75.5745 -18.4684 1.821 12.2964
80.4391 -18.2189 1.91007 14.4994
84.275 -17.9962 1.8257 11.2549
84.9887 -17.9705 1.86072 11.3111
86.6339 -17.9385 1.85639 2.55046
86.871 -17.9671 1.84594 2.63859
87.3271 -17.907 1.99379 2.8991
87.8713 -17.9183 1.97232 2.47645
88.0121 -17.8862 1.76256 0.648036
88.3718 -17.8872 1.825 3.29525
88.6626 -17.88 1.86159 2.8411
89.0717 -17.8394 1.84064 3.02688
89.4194 -17.8597 1.8185 2.71757
91.2234 -17.6715 1.79926 13.8178
91.4194 -17.6535 1.85734 12.5827
92.4446 -17.6151 1.87768 10.9769
94.4289 -17.5182 1.81889 10.004
94.7451 -17.509 1.82625 10.3441
94.4426 -17.4827 1.79017 2.14372
94.5989 -17.482 1.87406 9.76584
96.6535 -17.3847 1.84243 10.3884
97.1255 -17.3686 1.89494 9.59901
97.3439 -17.335 1.8442 6.55684
99.6431 -17.2583 1.85279 11.695
10.9062 -17.1754 1.93187 0.304235
99.6275 -17.2146 1.84482 11.0685
2.13006 -5.8139 1.81158 10.4428
2.36032 -5.82079 1.81675 10.9838
2.80254 -5.85418 1.84345 8.11763
3.1531 -5.97546 1.84874 8.38048
3.35626 -5.9728 1.84175 7.11454
14.4601 -5.18365 1.86699 10.6851
14.5528 -5.19504 1.90695 13.0861
0.206196 8.00264 1.96135 1.21374
3.81664 8.22887 1.99302 0.0034331
3.63183 8.34113 1.89949 0.00686141
3.8479 8.31684 1.86241 0.296859
10.715 9.0017 1.94779 10.5335
59.5492 -19.3921 2.19407 4.9126
60.1838 -19.3667 2.20204 6.3277
66.0235 -19.0786 2.07285 4.91346
66.7782 -19.0444 2.08029 4.72754
65.5775 -18.9994 2.06291 12.5209
65.7873 -18.9962 2.21483 16.1945
69.3215 -18.7923 2.12924 13.3376
71.8239 -18.8664 2.13011 2.23234
71.7284 -18.7403 2.01969 3.20696
73.6355 -18.6123 2.06584 13.4593
74.1991 -18.6256 2.13991 5.08658
75.142 -18.5551 2.09404 7.11312
76.8831 -18.4106 2.08581 10.8208
77.86 -18.3652 2.12454 11.0175
78.0542 -18.4047 2.13228 8.45535
81.1275 -18.3095 2.22251 4.81729
73.5284 -18.2206 2.14732 0
80.8772 -18.186 2.14481 12.6466
86.902 -17.9629 2.04828 10.5544
87.1285 -17.9517 2.00622 2.96746
87.2795 -17.9281 2.02087 0.724775
87.6154 -17.9392 2.07232 3.7515
88.1609 -17.8934 2.04744 2.98097
88.6982 -17.8971 2.03091 0.811743
88.8057 -17.8398 2.11295 3.33634
91.4496 -17.6724 2.02062 13.0166
92.072 -17.5992 2.07989 11.5394
94.3451 -17.5022 2.03941 9.83616
96.4409 -17.3962 2.06507 11.7752
96.5958 -17.3824 2.08939 5.32215
97.162 -17.4702 2.21935 13.0126
97.4053 -17.359 2.1203 13.5891
99.6819 -17.3314 2.18655 12.1127
99.6479 -17.2258 2.1135 11.4861
87.8896 -7.90571 2.09134 33.556
1.83103 -5.8363 2.09178 4.04528
2.35775 -5.80244 2.0455 9.89375
2.80498 -5.8445 2.10503 5.47177
3.11698 -5.96905 2.05203 6.84698
3.38786 -5.86314 2.01977 0.637272
2.38141 -5.7167 2.0326 4.58941
0.204026 8.01066 2.17566 1.17512
1.86925 8.14599 2.09913 1.33601
3.94236 8.33935 2.06012 0.27181
6.61006 8.60945 2.11573 10.8984
66.2208 -19.0359 2.27818 5.5729
65.4784 -18.9787 2.45433 18.4131
65.7385 -18.9734 2.39045 16.9657
68.5925 -18.9291 2.34736 18.3873
69.3108 -18.8348 2.32769 8.69012
80.8324 -18.1824 2.38359 18.9699
85.6293 -18.0729 2.26737 4.26388
84.8441 -17.9613 2.29902 12.9269
85.5657 -17.9289 2.31853 17.4629
97.3784 -17.5224 2.34461 30.6629
97.4179 -17.4027 2.37897 32.7653
99.2232 -17.4754 2.42717 10.7804
99.3893 -17.4318 2.3561 11.3195
99.6487 -17.4379 2.41081 17.4404
87.8242 -8.0892 2.37693 15.8091
1.90298 -5.8899 2.33042 0.437538
2.10318 -5.82995 2.35049 2.1344
2.3333 -5.88984 2.35554 8.3402
2.25997 -5.74605 2.38484 0.41386
13.607 -5.14715 2.34096 7.27981
0.203862 8.00648 2.42141 1.11719
1.84928 8.14468 2.37092 1.11011
3.8928 8.31276 2.34075 1.46853
65.6039 -18.9878 2.59696 15.4233
69.1349 -18.7946 2.57394 17.8477
69.3794 -18.8027 2.72081 10.117
84.6517 -18.3409 2.54702 7.96457
80.8491 -18.1905 2.59973 27.0321
84.8256 -18.0893 2.5154 9.60675
84.8238 -17.9849 2.65162 18.5825
85.5317 -17.9597 2.54111 15.6051
97.1127 -17.5367 2.61213 13.0126
97.4265 -17.5642 2.65682 17.7546
96.2212 -17.3878 2.58737 13.52
96.5054 -17.393 2.58935 11.1765
97.4242 -17.4149 2.59542 46.0634
97.5815 -17.3343 2.65977 16.4804
99.2223 -17.4272 2.62882 12.2178
99.3564 -17.4362 2.61789 13.5115
99.6559 -17.4226 2.7096 16.7531
1.84176 -5.94646 2.61829 0.600173
2.05641 -5.80383 2.69041 0.277796
12.5975 -5.78871 2.63668 0.335623
0.20308 8.01333 2.66833 0.93651
1.86053 8.14683 2.60776 1.00664
3.44777 8.30184 2.70341 0.889263
3.62672 8.32915 2.61287 0.356125
3.84284 8.32535 2.6913 0.0982748
68.5622 -19.2593 2.93675 1.50771
68.4829 -19.2047 2.98651 0
65.4854 -18.9895 2.84045 17.9327
65.6884 -18.9683 2.77721 17.7368
69.2837 -18.7945 2.81711 18.5245
80.4829 -18.4288 2.78983 17.341
84.6975 -18.2734 2.82233 10.7481
80.8777 -18.1898 2.84537 18.4957
85.0077 -18.0045 2.77276 7.57238
85.5043 -17.9499 2.99794 21.5499
86.7571 -17.8017 2.99449 10.9306
97.195 -17.5403 2.92504 12.6299
97.4329 -17.5138 2.86075 37.5677
97.4375 -17.43 2.86938 33.3993
1.87378 -5.92284 2.7892 0.909133
2.02968 -5.85783 2.8073 0.313379
12.5623 -5.72444 2.81278 0.0546845
0.202812 8.00857 2.85173 0.504805
1.86215 8.14441 2.85193 1.03729
3.44703 8.30542 2.87378 0.731702
3.65245 8.32065 2.82209 0.133294
3.87042 8.31853 2.84311 1.25387
66.2426 -19.0079 3.09282 5.5729
65.7124 -18.9855 3.10795 14.2666
69.3966 -18.8057 3.1558 12.1404
74.862 -18.7903 3.23619 3.12298
71.8461 -18.6956 3.19065 9.10517
73.0929 -18.6179 3.03136 2.13362
75.4794 -18.6313 3.12842 19.1821
75.4743 -18.4993 3.13482 33.815
76.9156 -18.4209 3.18474 12.7027
78.0342 -18.4325 3.13635 8.01033
80.4234 -18.4188 3.2015 40.158
84.4597 -18.295 3.24276 14.2689
84.6604 -18.2807 3.07511 9.90696
80.8726 -18.201 3.12889 15.1311
91.4422 -18.0565 3.15117 0.871353
84.7278 -17.9844 3.2207 32.6433
84.8818 -17.9842 3.06803 16.2933
85.5794 -17.9414 3.08721 12.7081
86.9078 -17.87 3.22568 15.0777
87.1657 -17.8621 3.11952 7.91324
87.693 -17.8353 3.18295 16.4128
88.165 -17.8171 3.18794 16.3953
88.4269 -17.7982 3.13217 7.552
88.5091 -17.8058 3.16841 12.1375
91.5821 -17.8021 3.15754 10.6361
92.3173 -17.5978 3.21903 16.0104
92.5777 -17.5918 3.19024 9.32707
94.2644 -17.5548 3.20247 11.9439
99.6853 -17.5139 3.11473 23.0033
96.8373 -17.4087 3.16898 28.3581
97.0754 -17.4507 3.12986 16.4571
97.3846 -17.4016 3.07139 32.5027
98.9809 -17.439 3.12184 12.0475
99.2101 -17.4229 3.12276 12.2178
99.3069 -17.4384 3.0815 13.799
99.6483 -17.4299 3.03627 14.9041
1.85721 8.14879 3.09141 0.81629
3.4409 8.2958 3.09875 0.778298
3.56384 8.30646 3.10974 0.304369
3.84777 8.32164 3.09892 0.0851899
65.7307 -19.3969 3.48677 4.61345
68.4555 -19.2745 3.3508 9.04628
68.5327 -19.2651 3.45319 8.29242
65.4649 -19.2115 3.432 34.2012
65.6868 -19.2046 3.28365 18.646
66.0434 -19.0884 3.28894 6.55128
66.721 -19.0322 3.30688 4.72754
65.7845 -18.9949 3.43786 11.3999
75.2158 -18.8553 3.29426 7.09328
75.3877 -18.8137 3.33569 21.0171
71.8061 -18.6651 3.39954 18.0873
73.3873 -18.6675 3.42925 10.1155
75.4686 -18.6554 3.42628 30.638
75.5478 -18.5711 3.31601 7.68523
78.0134 -18.6006 3.37588 15.9335
75.4472 -18.4913 3.32865 27.6668
75.5904 -18.4717 3.45266 17.2918
76.7694 -18.3888 3.45186 16.9421
78.1564 -18.3309 3.43667 15.1077
84.6126 -18.3179 3.33619 29.2847
80.754 -18.1895 3.27032 26.45
91.435 -18.0058 3.34653 15.2487
86.9263 -17.8737 3.40313 15.3289
87.1306 -17.8562 3.46759 12.6117
87.6018 -17.8346 3.35754 18.7575
87.8499 -17.8435 3.37782 6.32871
88.0201 -17.8298 3.30739 11.9239
88.4109 -17.7882 3.31584 13.1551
91.4289 -17.9609 3.35468 31.3224
91.548 -17.8589 3.36573 27.8901
92.4329 -17.5824 3.35294 12.9967
92.5633 -17.5908 3.36559 12.2322
94.7426 -17.6098 3.27303 37.1374
97.2388 -17.5161 3.36958 83.2279
99.8668 -17.5359 3.41154 57.1428
96.1111 -17.3944 3.41028 14.6613
97.0824 -17.4182 3.32316 70.4212
97.3714 -17.4143 3.35859 35.9868
97.546 -17.3276 3.39459 15.9021
99.9035 -17.4073 3.34887 48.1389
10.6807 -17.189 3.35124 4.9134
65.7746 -19.3104 3.68771 10.7647
68.5828 -19.3718 3.61923 8.04114
65.4273 -19.212 3.60484 34.2012
66.3723 -19.0335 3.60474 6.36903
69.1564 -18.7972 3.60659 17.8477
69.4212 -18.8379 3.59189 11.0225
71.8546 -18.7718 3.66594 4.42954
75.4063 -18.8681 3.65561 22.0699
71.8477 -18.6455 3.53759 16.2417
73.0953 -18.6017 3.57938 15.2909
73.5261 -18.6324 3.67795 8.14257
75.466 -18.6072 3.61159 34.1185
75.5141 -18.717 3.54266 14.7063
77.9707 -18.685 3.59593 24.9634
80.7631 -18.5281 3.68429 24.1461
78.0988 -18.4918 3.61188 8.90036
81.1705 -18.3236 3.69469 5.02673
82.2293 -18.2612 3.72327 5.68066
84.6529 -18.2946 3.6033 41.1232
80.8413 -18.2074 3.61586 20.8053
84.8393 -18.0495 3.5405 7.51833
91.4571 -18.1266 3.70216 2.61406
84.9389 -17.9741 3.56859 14.051
86.6693 -17.8975 3.71982 13.8454
87.1256 -17.8832 3.63439 9.34751
87.8034 -17.8264 3.6714 15.6842
88.0261 -17.811 3.70429 12.6691
88.4317 -17.8197 3.63126 11.2271
91.5767 -17.8242 3.66548 17.8809
91.5691 -17.687 3.57532 35.5787
92.4062 -17.6452 3.72442 3.92033
94.7302 -17.6924 3.65759 31.9554
97.4096 -17.5482 3.60844 40.582
99.8394 -17.536 3.65583 66.7131
97.4266 -17.4168 3.62107 35.4285
14.9536 -16.9677 3.5944 2.90912
15.6765 -16.935 3.64099 5.9171
65.687 -19.2757 3.99948 38.4454
68.4954 -19.2621 3.85701 25.6311
68.5512 -19.3484 3.83365 8.795
68.6231 -19.1441 3.84783 41.3565
64.5903 -18.977 3.84785 6.44906
69.4801 -18.8134 3.86231 9.21658
75.4187 -18.8637 3.81694 19.7052
71.8599 -18.6542 3.88747 16.2417
75.4722 -18.6176 3.93004 37.0107
75.5452 -18.6132 3.77567 7.03343
78.0065 -18.6429 3.84961 11.7404
75.4926 -18.4781 3.76177 17.676
75.5965 -18.4689 3.88818 16.139
78.1332 -18.3321 3.88709 15.1077
81.5205 -18.2834 3.95379 3.99745
84.6245 -18.4222 3.85014 31.2649
80.9296 -18.189 3.81413 22.7639
82.556 -18.2132 3.9847 4.69172
84.7903 -18.2097 3.79279 20.5616
85.714 -18.0953 3.81761 4.90346
91.5805 -18.002 3.97734 19.7002
86.6562 -17.8842 3.92667 13.481
86.8186 -17.8648 3.98726 14.3238
87.046 -17.8636 3.82427 13.3536
87.3872 -17.8522 3.90106 13.0459
87.6245 -17.8277 3.85611 18.7575
87.9427 -17.8313 3.82207 16.5097
88.1307 -17.9219 3.90085 8.44607
88.2958 -17.7934 3.92339 17.3497
89.4239 -17.8313 3.88901 10.8278
91.4618 -17.9367 3.84817 63.8164
91.5554 -17.8544 3.85699 28.1573
91.562 -17.6821 3.86207 34.1073
92.3053 -17.5949 3.81397 16.0104
97.1504 -17.5607 3.98953 16.0744
97.4378 -17.5627 3.85847 23.9687
99.8739 -17.55 3.94665 45.8381
96.1507 -17.3945 3.87681 14.6613
97.4366 -17.4072 3.88094 32.6241
99.9227 -17.4091 3.8522 45.0883
0.86774 -7.77621 3.76805 0.0217699
12.5537 -5.70835 3.87277 0.209841
68.4719 -19.2591 4.1489 36.939
68.621 -19.2799 4.19944 28.1435
65.8029 -19.1297 4.10193 22.7017
68.6134 -19.1105 4.16238 48.7737
64.4777 -18.9936 4.24131 6.44906
69.1513 -18.792 4.04055 19.923
75.4462 -18.8081 4.13879 16.2146
69.1093 -18.7417 4.00629 7.47112
71.9773 -18.6544 4.21326 16.2417
72.4128 -18.5911 4.17225 12.2671
75.4602 -18.6785 4.1221 27.2812
78.0018 -18.5271 4.08305 12.3831
80.7356 -18.582 4.1732 5.48776
75.574 -18.4741 4.19613 14.6019
84.6401 -18.3574 4.11131 35.6713
84.809 -18.1741 4.06529 35.3048
86.0487 -18.041 4.08936 3.72727
91.4413 -18.0001 4.00605 28.7547
84.8951 -17.9755 4.12842 12.9972
85.457 -17.9518 4.10078 13.0043
85.576 -17.9402 4.06023 14.1189
87.1438 -17.8664 4.13124 14.4664
87.282 -17.9817 4.12638 4.34865
87.9299 -17.8213 4.15195 17.3352
88.3543 -17.8098 4.20278 16.7297
88.5786 -17.8275 4.13213 11.7582
89.5778 -17.8037 4.19515 2.54772
91.4741 -17.92 4.24262 49.635
91.5694 -17.7784 4.12651 44.6904
91.5739 -17.6603 4.07217 30.3721
92.474 -17.6168 4.0009 14.1132
93.3618 -17.6138 4.05469 10.9202
94.507 -17.6613 4.21338 20.1102
94.8448 -17.6083 4.08556 32.9789
97.4386 -17.5929 4.13712 33.4009
99.8519 -17.5227 4.10891 58.072
96.1725 -17.3868 4.11286 14.523
97.4247 -17.4004 4.10993 38.4683
97.5536 -17.3153 4.07956 16.4804
65.7138 -19.2718 4.38759 49.2101
65.78 -19.2653 4.49854 6.92017
68.5004 -19.2724 4.26913 36.939
68.6425 -19.1176 4.39943 35.9902
68.9295 -18.7742 4.39818 12.0611
69.166 -18.7936 4.41764 23.2435
75.2226 -18.8853 4.44985 3.15257
71.6502 -18.6762 4.48096 16.0348
71.8934 -18.6581 4.38792 15.5034
73.1334 -18.6322 4.39923 8.53447
75.4436 -18.6373 4.41816 23.8977
78.0367 -18.5521 4.32328 6.19156
75.4743 -18.4774 4.31571 19.9816
76.0752 -18.3666 4.25215 6.38695
78.1355 -18.3117 4.34308 12.3883
84.4177 -18.2737 4.46846 25.6841
84.7584 -18.2656 4.30438 17.7577
85.0445 -18.0168 4.31279 5.67929
91.4493 -18.0884 4.31149 11.7633
84.7419 -17.9911 4.44086 26.7082
86.6685 -17.8816 4.41923 14.9384
87.1219 -17.8579 4.39109 14.8373
87.3677 -17.8503 4.40264 11.7645
87.8352 -17.8243 4.29355 16.0969
88.1662 -17.8042 4.3399 17.8858
88.803 -17.8122 4.42406 8.89692
91.4011 -17.9954 4.42985 9.21792
91.5716 -17.8718 4.33702 25.7291
91.5894 -17.672 4.40754 34.3638
92.4212 -17.699 4.28082 3.92033
94.67 -17.6499 4.37153 28.1628
94.796 -17.5495 4.38887 37.1896
97.4279 -17.5816 4.38874 26.188
99.8538 -17.5646 4.26873 41.8118
6.95351 -17.3816 4.26753 0.152024
97.438 -17.3952 4.39896 26.6502
8.97517 -17.1381 4.28903 3.29747
9.05525 -17.1451 4.29578 2.37595
65.6233 -18.9958 4.61918 13.1098
71.634 -18.6776 4.6089 16.8365
75.002 -18.4411 4.67085 3.55656
76.9203 -18.4574 4.51249 2.45463
77.6269 -18.3857 4.62373 10.952
80.4721 -18.3395 4.53119 25.1323
81.0424 -18.2537 4.67045 3.85383
80.8161 -18.1928 4.72168 15.1759
91.4769 -18.0488 4.52556 12.1989
83.3627 -17.9825 4.51116 2.94409
84.5785 -17.936 4.5546 4.71835
84.9927 -17.9895 4.64798 12.119
85.4674 -17.9734 4.641 10.4034
86.6049 -17.9071 4.65264 11.2949
86.8647 -17.8297 4.66944 6.03106
87.0549 -17.8976 4.60459 9.64426
87.3979 -17.8552 4.65983 10.8716
87.9255 -17.8367 4.72107 11.5568
88.0151 -17.8222 4.66086 10.806
88.3559 -17.8178 4.73387 11.7868
88.171 -17.7351 4.68285 3.7217
91.3973 -17.6651 4.63293 16.4871
92.8693 -17.6108 4.65052 7.8592
94.3536 -17.5622 4.58998 11.9439
94.5703 -17.5236 4.60467 16.4352
94.8258 -17.6378 4.59541 19.9342
97.1746 -17.5086 4.52227 17.6053
99.8913 -17.6874 4.50709 7.23846
6.9471 -17.3805 4.52999 0.1895
94.2558 -17.4958 4.71106 11.2413
97.2031 -17.4778 4.55418 22.0925
97.3727 -17.4167 4.62876 18.8358
99.7781 -17.3451 4.5748 20.5812
65.7202 -18.9882 4.93457 10.0587
69.3128 -18.8009 4.79536 14.8054
71.6386 -18.6826 4.90197 12.8278
71.9704 -18.6593 4.78214 7.38257
74.6498 -18.5115 4.89266 6.83444
74.8508 -18.5116 4.76117 9.22789
75.0611 -18.5079 4.83409 9.95837
75.401 -18.4876 4.76397 13.0649
75.5957 -18.4616 4.92434 4.61114
76.8933 -18.3841 4.81457 7.8887
77.921 -18.3268 4.81983 10.4666
78.1967 -18.352 4.85506 11.3307
79.9029 -18.1733 4.87249 3.55284
80.5926 -18.2168 4.75585 13.5328
80.9525 -18.1151 4.91578 5.69098
85.5406 -18.0157 4.84333 2.80599
84.6675 -17.9979 4.99759 12.9025
84.8975 -17.9837 4.87902 11.3111
85.4102 -17.9601 4.85365 10.0319
85.5089 -17.9609 4.86211 9.66031
86.6429 -17.9141 4.87719 6.01181
87.2336 -17.8625 4.94415 9.42207
87.3268 -17.8646 4.86325 10.1468
87.8942 -17.8632 4.89454 7.22299
89.209 -17.8147 4.98468 2.60494
91.4567 -17.6823 4.90583 13.0166
92.0434 -17.5817 4.86606 8.43261
92.6618 -17.6083 4.85521 13.1977
94.4963 -17.5165 4.9683 10.7186
99.875 -17.5412 4.8023 4.64576
6.93518 -17.3649 4.795 0.157681
94.5546 -17.479 4.79028 10.004
96.3217 -17.3785 4.93084 8.69143
97.1546 -17.3842 4.85929 11.293
14.9476 -16.9889 4.79908 11.6365
15.6136 -16.954 4.86395 10.8875
65.4298 -18.9969 5.13584 15.8352
65.6051 -18.9941 5.0151 15.4233
69.3886 -18.7921 5.19916 14.4491
71.701 -18.6754 5.0242 15.2331
71.8466 -18.6657 5.24079 18.4564
75.0635 -18.5405 5.19635 10.6697
77.7307 -18.5054 5.21109 16.5308
75.4241 -18.4888 5.2006 12.3632
77.7839 -18.4373 5.24284 18.1838
78.0561 -18.3424 5.23037 11.3307
80.4431 -18.2628 5.17553 14.0161
80.919 -18.1874 5.17712 13.2789
84.4506 -18.035 5.05889 12.3764
84.3 -17.9393 5.05416 2.81373
84.8869 -17.9863 5.1385 14.5428
85.4473 -17.969 5.0979 11.1465
85.5206 -17.9027 5.14301 6.9356
86.6794 -17.8393 5.11516 4.37222
86.9899 -17.8982 5.12332 8.29271
87.0866 -17.9286 5.21898 7.09611
88.113 -17.799 5.19125 10.7929
88.4093 -17.7925 5.21594 12.4243
91.3307 -17.6907 5.12158 14.3673
91.5533 -17.6516 5.16905 14.3183
94.7467 -17.5486 5.19882 2.2166
6.93642 -17.3902 5.06624 0.153438
8.74521 -17.2866 5.17247 0.186576
94.4537 -17.4829 5.10087 9.28945
96.6367 -17.3875 5.06949 11.1304
97.3865 -17.3493 5.17376 13.3708
97.5148 -17.3674 5.03279 12.1434
99.6623 -17.2938 5.14142 14.6187
99.4885 -17.1362 5.08879 2.19148
14.9041 -16.9979 5.08894 0.109376
70.7161 -19.0559 5.47256 36.2989
70.7544 -19.0196 5.37246 36.2989
71.8081 -19.081 5.42665 10.851
65.6307 -18.9848 5.33641 19.472
69.3116 -18.7974 5.29535 17.0425
71.6718 -18.981 5.31631 7.32477
71.8464 -18.8678 5.42961 27.1763
75.3974 -18.83 5.48097 2.05602
71.8544 -18.7209 5.39374 30.2685
72.9025 -18.5965 5.31804 16.4895
75.4429 -18.6744 5.33904 19.8534
77.6299 -18.5612 5.33305 13.6558
78.109 -18.345 5.31263 18.1292
84.573 -18.3459 5.46072 1.90252
87.9671 -18.2755 5.46908 5.41366
87.1221 -18.1016 5.3114 5.61459
87.6082 -18.1849 5.3707 7.5049
87.8654 -18.1143 5.37984 24.9252
84.7481 -17.9855 5.46888 18.7946
84.9273 -17.9734 5.3896 15.3507
85.5503 -17.9407 5.33416 13.3758
87.9557 -17.9159 5.3633 27.9947
88.0377 -17.9494 5.47435 11.1786
91.1421 -17.8879 5.32593 5.51246
91.4195 -17.8789 5.35111 8.50885
91.5551 -17.802 5.36635 18.7195
91.5703 -17.6878 5.3599 25.5993
91.8572 -17.5809 5.41915 11.4997
92.3604 -17.5821 5.38118 14.7464
92.5675 -17.5961 5.47022 12.9967
97.2468 -17.5454 5.3209 19.2738
97.4347 -17.5332 5.49066 42.6111
6.92599 -17.3787 5.33334 0.146367
8.62259 -17.3074 5.3373 6.17726
94.6104 -17.4252 5.40086 8.31224
95.9711 -17.3896 5.41803 13.8198
97.4228 -17.4311 5.38286 34.0889
99.0684 -17.4101 5.37711 12.7279
99.7016 -17.3379 5.26843 14.201
8.9719 -17.1423 5.32407 2.86736
14.8954 -16.9938 5.37913 0.0791911
71.8521 -19.2673 5.74622 9.50177
70.7537 -19.0393 5.59961 52.669
71.8725 -19.1769 5.6294 10.851
65.4096 -18.9973 5.63377 20.6227
65.6456 -18.9885 5.69688 12.1459
69.3666 -18.7913 5.61057 16.0546
71.8394 -18.8906 5.64542 35.5686
75.4446 -18.7569 5.64866 6.61781
71.9225 -18.6705 5.67069 20.3021
75.4799 -18.5697 5.68196 33.4308
75.4983 -18.477 5.63686 18.4446
78.1382 -18.3303 5.62167 13.4655
84.6654 -18.3218 5.58197 8.03772
87.9937 -18.2776 5.68462 12.8218
86.4724 -18.106 5.72853 17.9093
86.7547 -18.1692 5.56325 40.7598
87.9541 -18.0776 5.62648 38.9456
91.5669 -18.0049 5.67071 3.03079
87.9729 -17.913 5.63987 33.0194
88.2238 -17.7977 5.55115 16.5611
88.4834 -17.7818 5.70621 15.3476
91.5589 -17.8665 5.58666 20.5631
94.3742 -17.5059 5.52369 11.9439
97.128 -17.546 5.57438 13.3953
97.4244 -17.5564 5.69879 32.846
8.74392 -17.312 5.73231 0.12415
94.4776 -17.4685 5.61189 12.8623
95.8895 -17.2764 5.53534 4.3187
97.4417 -17.4857 5.64568 41.4274
97.5308 -17.3257 5.61958 15.613
70.7482 -19.0239 5.79148 40.5694
70.7679 -19.0763 5.89596 58.363
71.8324 -19.0939 5.86154 14.5584
65.5873 -18.9882 5.80734 14.7305
71.8648 -18.8366 5.87248 29.7645
75.437 -18.7681 5.75571 6.61781
75.4774 -18.5761 5.8425 33.815
78.0828 -18.3516 5.78058 16.6184
84.7034 -18.2653 5.87374 6.54233
87.9774 -18.3328 5.98096 10.2575
80.8743 -18.1976 5.85152 17.0729
86.5771 -18.1244 5.85114 22.8841
87.9638 -18.2345 5.82768 12.3944
84.9541 -17.9866 5.78683 16.1587
87.9763 -17.8951 5.88143 33.2945
88.1448 -17.8192 5.76096 14.9048
91.5574 -17.8345 5.84443 25.8102
91.5614 -17.6919 5.90391 39.0498
91.9444 -17.5963 5.98944 19.3195
92.3983 -17.5802 5.89536 15.1677
92.5163 -17.5745 5.85885 12.9967
97.3772 -17.5464 5.87051 23.8733
6.91599 -17.3902 5.87218 0.127983
95.3711 -17.3956 5.79244 7.92693
95.9945 -17.3782 5.92607 15.5473
97.4625 -17.39 5.86725 22.8412
99.2839 -17.4368 5.91429 12.9365
99.6637 -17.4259 5.93418 8.1188
9.21455 18.9718 5.75098 0.160062
9.38388 18.928 5.81988 8.05946
70.7333 -19.0256 6.21744 37.0107
70.7695 -19.0789 6.01194 26.6904
71.8737 -19.149 6.09964 8.83901
65.59 -18.9877 6.06403 15.467
69.3143 -18.7883 6.06733 19.636
71.8582 -18.891 6.10172 23.0783
74.959 -18.7596 6.18151 2.15486
71.856 -18.7095 6.08869 25.839
75.4645 -18.6267 6.14198 27.4517
75.4769 -18.4904 6.12488 28.4354
76.8083 -18.4048 6.08224 13.4084
78.1359 -18.3383 6.12523 16.2407
84.6549 -18.3173 6.0374 9.81349
80.8277 -18.1908 6.12377 18.9699
86.4813 -18.1257 6.06172 18.3073
87.9625 -18.1225 6.11662 37.3878
87.9829 -17.8775 6.20768 33.8449
88.1945 -17.8024 6.08708 15.6501
88.597 -17.7781 6.18971 16.0784
91.4561 -17.9602 6.1559 4.9635
91.5625 -17.8486 6.10706 25.8811
92.5472 -17.6011 6.02019 16.4654
97.0287 -17.5248 6.0978 13.0126
97.3958 -17.5534 6.13641 37.2336
8.73411 -17.31 6.01134 0.162027
94.5744 -17.4667 6.11633 11.4332
97.441 -17.447 6.11058 47.4936
97.5883 -17.3222 6.13484 13.8782
99.6039 -17.4195 6.03161 16.2376
15.6202 -16.9692 6.10023 7.81058
65.7314 -19.2544 6.44062 29.2185
68.4402 -19.2882 6.48505 5.277
65.76 -19.2038 6.42888 25.374
70.7348 -19.0719 6.32079 37.0107
71.6662 -18.9389 6.49302 7.72153
71.8554 -18.8828 6.34946 25.6719
75.4573 -18.7582 6.40075 20.5888
71.8587 -18.7124 6.49923 35.4363
75.4824 -18.6849 6.34104 22.9418
78.0118 -18.4798 6.45179 12.4605
84.6947 -18.2747 6.38278 22.4308
80.8497 -18.1876 6.27185 21.8154
87.0472 -18.1563 6.45151 6.31641
87.6713 -18.178 6.33147 7.55642
87.9355 -18.0508 6.39723 26.0936
84.7104 -17.9987 6.33084 38.5785
84.8953 -17.9874 6.28559 16.9666
87.9749 -17.9347 6.41106 39.6232
88.0786 -17.8144 6.29165 14.1596
91.4869 -17.9091 6.41068 38.2898
91.5611 -17.8442 6.35554 28.8253
91.5689 -17.707 6.35407 36.9747
92.4197 -17.5634 6.39935 13.7613
94.7599 -17.591 6.30708 18.4717
97.4288 -17.5532 6.40281 45.2743
99.861 -17.5262 6.46356 51.1033
6.90254 -17.3928 6.41835 0.171115
8.73181 -17.3193 6.29417 0.164131
97.4347 -17.3471 6.32633 37.2977
10.6747 -15.5961 6.29664 0.0470657
90.3041 -8.37109 6.43573 8.25177
90.2509 -7.83561 6.39337 4.25101
65.7419 -19.2556 6.52368 25.374
68.4595 -19.2811 6.60159 7.9155
65.45 -19.2145 6.63507 23.5608
68.473 -19.2033 6.51858 30.9081
65.7443 -18.9975 6.63681 29.3043
69.1352 -18.7987 6.68495 18.2627
69.2542 -18.7946 6.53512 17.7835
69.65 -18.805 6.74598 8.57693
71.8305 -18.8836 6.50136 21.5793
75.476 -18.6399 6.62532 34.0695
80.738 -18.5312 6.62047 4.3902
75.5268 -18.481 6.55505 13.0649
76.9493 -18.4325 6.6761 13.4084
77.9889 -18.3537 6.69621 19.2806
80.8061 -18.2501 6.62156 10.4026
84.6264 -18.3387 6.58062 43.304
80.944 -18.1846 6.73427 21.8154
87.9906 -18.0797 6.5342 24.1463
85.581 -17.9524 6.52343 11.8896
87.9694 -17.8518 6.68344 48.7036
88.277 -17.7963 6.56942 15.7725
91.4435 -17.9345 6.64768 49.635
91.5624 -17.8517 6.6146 32.8536
92.0577 -17.5971 6.54698 17.7529
92.5037 -17.6002 6.56601 14.8973
97.1153 -17.554 6.57441 15.9746
97.3451 -17.5634 6.65102 32.4151
7.14332 -17.4012 6.57662 5.29759
8.62737 -17.3379 6.68104 5.76613
95.9144 -17.3988 6.70289 15.5473
97.436 -17.4472 6.62508 42.907
97.5581 -17.3034 6.65558 15.613
99.898 -17.4619 6.56726 55.7491
8.96036 -17.1819 6.66122 1.70267
65.7352 -19.2532 6.87489 25.374
68.4862 -19.3003 6.93536 11.6848
68.6119 -19.0944 6.89283 45.7843
71.105 -19.037 6.87622 6.55439
69.3783 -18.7958 6.8537 16.0546
71.8496 -18.8705 6.92336 33.8571
75.3624 -18.8056 6.89049 28.6884
71.8449 -18.69 6.91803 33.9598
75.478 -18.635 6.86247 36.0303
84.7 -18.273 6.93832 28.0386
80.9305 -18.2083 6.94739 17.9682
81.0328 -18.2026 6.8078 19.2691
84.7669 -18.2138 6.86602 14.0193
87.9548 -18.0912 6.93913 51.4082
84.8557 -17.9885 6.78044 15.62
87.9755 -17.9094 6.8889 38.7978
88.0736 -17.891 6.7947 28.6918
91.5598 -17.9001 6.87346 28.8356
91.5634 -17.6981 6.8755 42.087
92.5532 -17.567 6.899 14.5258
94.5621 -17.6265 6.97847 24.2998
97.4256 -17.5558 6.87808 45.9401
99.854 -17.5145 6.98846 45.5284
6.8858 -17.3866 6.96816 0.136468
8.71282 -17.3074 6.85329 0.111525
97.429 -17.3864 6.83561 38.5988
99.8724 -17.4855 6.77933 67.8281
10.6406 -17.1557 6.93301 6.31723
68.5615 -19.267 7.03746 49.0007
70.645 -19.0458 7.15048 16.548
65.7429 -18.9927 7.03378 26.2197
69.3651 -18.7932 7.10763 15.8076
75.3307 -18.8317 7.14255 27.2697
75.4705 -18.6361 7.07211 36.398
77.9379 -18.613 7.05138 44.053
84.6472 -18.369 7.08853 33.8799
87.9746 -18.3016 7.13953 6.41091
80.8208 -18.2169 7.15696 18.9139
87.9735 -18.1548 7.06802 19.2132
84.9839 -17.9723 7.22391 19.3904
85.4123 -17.9439 7.16863 15.9767
87.9872 -17.8325 7.1624 29.7174
88.0352 -17.9536 7.06587 11.9239
88.3715 -17.7912 7.05183 14.9839
91.4662 -17.9159 7.14966 39.708
91.5505 -17.8844 7.09261 31.4827
92.1303 -17.5892 7.04226 17.7529
94.6195 -17.6513 7.18492 26.7735
94.8197 -17.6028 7.02546 43.4356
97.1873 -17.5636 7.16783 20.6671
97.4371 -17.5302 7.10221 48.8252
8.71581 -17.3328 7.14475 0.115733
96.0089 -17.3987 7.21633 14.938
97.4341 -17.4135 7.14345 38.35
14.836 -16.9676 7.13158 0.0445672
9.39889 18.863 7.03574 0.171101
68.4979 -19.2797 7.29228 31.4653
68.586 -19.2972 7.41931 60.6855
71.7344 -19.2326 7.3185 6.82179
71.8521 -19.1136 7.32366 8.77402
65.7541 -18.991 7.42684 23.135
69.3595 -18.7975 7.36689 17.9688
71.8569 -18.8759 7.34385 31.4016
74.6837 -18.7593 7.47332 7.24944
74.8882 -18.7807 7.4364 7.90114
75.3489 -18.8107 7.34643 22.6591
71.8609 -18.6803 7.34804 26.9464
74.1979 -18.61 7.49605 10.1732
74.6569 -18.6267 7.48223 12.324
75.4269 -18.6161 7.41779 33.9469
77.9438 -18.6058 7.46987 29.075
75.5512 -18.4682 7.3776 14.2177
78.0122 -18.3432 7.37426 11.8234
84.6072 -18.2784 7.38045 43.9271
80.9535 -18.2025 7.35646 19.8596
84.4039 -18.2293 7.49619 24.7328
87.1147 -18.0192 7.48685 7.93366
87.9737 -18.0721 7.4181 29.5987
84.8391 -17.9743 7.26728 16.9666
87.985 -17.9521 7.29227 40.4487
91.2099 -17.8796 7.45825 16.6015
91.3764 -17.8331 7.46846 19.4085
91.5426 -17.9012 7.29223 22.2176
94.87 -17.6285 7.48737 9.04909
97.3927 -17.5344 7.40255 40.5919
8.69776 -17.3134 7.42642 0.13888
97.4252 -17.3756 7.38154 26.4554
65.5922 -18.9967 7.70216 12.8892
68.4356 -18.8545 7.64691 14.5482
69.3096 -18.8105 7.64286 14.8054
69.631 -18.8031 7.54991 10.7212
71.8942 -18.6648 7.74809 13.2886
74.6533 -18.5392 7.56858 9.89816
74.9875 -18.5913 7.53847 11.7278
75.1501 -18.5197 7.58834 14.4633
75.4972 -18.4787 7.52694 14.6019
80.8406 -18.2243 7.63863 14.1854
88.0218 -17.816 7.64946 10.4334
88.4491 -17.7842 7.54414 10.9626
91.2839 -17.6752 7.6241 13.1897
92.3371 -17.598 7.61628 11.7971
94.6806 -17.5572 7.52252 18.4717
6.87767 -17.3984 7.52522 0.112427
8.69426 -17.3204 7.71715 0.103108
96.0768 -17.3938 7.73962 11.6184
96.9052 -17.4071 7.64194 10.7689
97.0409 -17.4291 7.56621 12.2472
97.355 -17.3789 7.60638 9.83526
15.1321 -17.0305 7.65775 5.39821
69.4685 -18.8054 7.84921 14.1985
69.5835 -18.8041 7.92272 11.9566
71.8694 -18.6724 7.78004 13.2886
74.7375 -18.5185 7.92132 8.13063
74.8432 -18.5152 7.81977 11.3574
75.1404 -18.4912 7.95544 9.95837
75.3386 -18.4857 7.84295 11.773
77.6289 -18.3653 7.88571 10.5308
78.0721 -18.3382 7.86951 10.1977
80.8671 -18.2114 7.83266 13.7126
86.6027 -17.89 7.93362 8.87118
87.0715 -17.8642 7.84354 8.38631
91.4076 -17.6406 7.81441 12.1488
91.583 -17.6378 7.93119 13.8844
6.86169 -17.3778 7.80083 0.0823758
8.67993 -17.3042 7.99874 0.0946909
94.7941 -17.4762 7.86245 10.3441
96.7325 -17.3643 7.91136 10.3884
97.1155 -17.3899 7.86127 9.88134
15.8092 -17.0059 7.7813 5.34501
90.3514 -8.12128 7.8632 6.57055
65.8445 -19.0469 8.14225 4.01089
66.6187 -19.0191 8.21511 4.72754
68.4615 -18.8493 8.06001 12.9317
69.2057 -18.8036 8.14753 14.8054
69.389 -18.8041 8.20336 15.5457
71.6886 -18.7126 8.17453 15.2331
71.8697 -18.6566 8.19594 8.98748
75.0711 -18.51 8.06027 9.95837
80.8572 -18.2087 8.1301 13.2397
88.0934 -17.8081 8.13374 10.4334
88.5846 -17.7883 8.0328 10.9626
91.2535 -17.7739 8.18171 16.9582
91.203 -17.6655 8.04869 14.1318
92.4319 -17.5853 8.18763 12.9967
94.4223 -17.491 8.01189 10.7186
96.4014 -17.3982 8.07712 11.1765
97.1735 -17.4462 8.16295 13.0126
97.3431 -17.3566 8.11856 12.3423
99.3637 -17.4325 8.2327 8.74933
14.8275 -16.9802 8.03914 0.0735092
90.2789 -8.06313 8.06886 7.78731
68.6176 -19.061 8.40442 12.3245
70.7263 -19.0334 8.41855 34.8754
69.7788 -18.8514 8.35396 11.4359
71.734 -18.9156 8.28622 20.3568
71.8793 -18.821 8.40452 27.2841
74.4184 -18.6643 8.28647 2.14033
74.6469 -18.6978 8.29824 2.5373
74.8597 -18.7069 8.35226 2.87314
75.4379 -18.6451 8.38166 21.8995
75.5787 -18.4598 8.3932 17.3753
76.8355 -18.3995 8.39641 10.5183
78.1094 -18.3292 8.36563 17.3738
80.8936 -18.197 8.32419 16.0832
87.9606 -18.0219 8.38471 41.2824
84.7144 -17.994 8.2529 28.6866
87.911 -17.8904 8.25152 25.8412
91.3918 -17.9093 8.36332 6.91728
91.5447 -17.8822 8.38848 19.0267
97.4316 -17.5434 8.36382 43.4988
94.7688 -17.4533 8.37519 13.2996
96.1415 -17.3895 8.2529 13.2782
97.4058 -17.4438 8.37332 35.8051
97.5539 -17.3646 8.36407 15.613
99.8354 -17.45 8.44096 20.4413
14.8186 -16.9759 8.34293 0.0671171
70.7282 -19.0965 8.56301 21.3523
70.7607 -19.0281 8.59267 41.2811
71.8699 -19.1376 8.61221 8.35621
69.3335 -18.7981 8.62658 17.5365
69.5695 -18.8007 8.69466 17.1877
71.8663 -18.9227 8.6693 22.2155
75.4123 -18.8195 8.62365 3.82845
71.8901 -18.6921 8.58031 24.6086
75.4344 -18.7342 8.63356 4.77953
84.4199 -18.3136 8.53291 0
87.9793 -18.2742 8.63364 11.1123
80.8473 -18.201 8.66452 20.096
86.7864 -18.1526 8.65939 26.5825
87.8932 -18.1312 8.50521 45.9558
84.7735 -17.9829 8.7231 18.7946
87.9762 -17.8792 8.73475 35.4958
88.1425 -17.7999 8.66542 16.9903
88.5952 -17.7765 8.57378 14.6168
91.5461 -17.8857 8.62319 13.5511
91.5563 -17.7122 8.56863 35.5787
92.4807 -17.5743 8.68979 12.9967
97.3835 -17.5415 8.6256 26.7206
94.4109 -17.4694 8.5247 12.8623
97.4196 -17.4182 8.56787 44.3865
99.3344 -17.4766 8.63891 12.9365
15.1218 -17.0139 8.64445 0.118115
71.8454 -19.2698 8.76732 6.57815
68.6099 -19.0641 8.78327 12.9801
70.4335 -19.0226 8.84017 39.7917
70.7591 -19.0482 8.89132 39.1459
71.8733 -19.1532 8.94527 9.26853
69.3006 -18.8062 8.9505 18.8769
71.8759 -18.844 8.80235 30.088
75.4239 -18.8023 8.87402 7.22526
71.8947 -18.7086 8.90196 23.7526
73.0643 -18.6425 8.81539 6.87499
75.4711 -18.636 8.87227 35.6627
77.9558 -18.3969 8.85145 43.1518
78.1621 -18.3202 8.81882 15.863
80.8652 -18.2059 8.90115 17.9682
87.9549 -18.06 8.92648 41.2824
91.6207 -18.0353 8.98329 0.818649
87.9791 -17.9398 8.86771 38.385
91.5408 -17.8992 8.85293 12.9051
92.0958 -17.5951 8.81122 15.0899
97.4351 -17.5392 8.94483 40.8356
95.9036 -17.3987 8.93392 12.9561
96.1938 -17.381 8.76809 12.2679
97.4214 -17.4365 8.82335 39.652
97.5224 -17.3513 8.95186 16.4804
71.8916 -19.2759 9.20659 6.57815
70.7516 -19.0197 9.01959 37.0107
71.8647 -19.0562 9.02986 11.6987
69.3714 -18.798 9.06426 16.3016
71.8538 -18.9086 9.09414 27.6939
74.7866 -18.7553 9.10481 0.630386
75.3343 -18.8237 9.09728 5.12293
71.921 -18.6899 9.04045 26.2081
72.928 -18.5998 9.15882 16.0969
74.7313 -18.7346 9.10142 1.26077
75.4623 -18.6588 9.11704 17.7754
75.5382 -18.474 9.18915 10.7593
84.7272 -18.3565 9.02662 4.67309
87.9972 -18.3445 9.22525 10.2575
80.8423 -18.2061 9.12545 18.3465
87.9539 -18.1894 9.08726 21.2903
84.8235 -17.9712 9.19326 16.9666
85.5305 -17.9472 9.10826 11.8896
88.2464 -17.8032 9.20643 15.2088
91.4603 -17.9177 9.11438 5.19985
91.557 -17.8316 9.14893 29.6392
91.5608 -17.6862 9.09698 34.711
92.5393 -17.5648 9.203 13.7613
94.5299 -17.5566 9.2119 15.7206
97.4288 -17.5104 9.1446 41.7233
94.5067 -17.4675 9.03714 12.1477
97.4287 -17.4109 9.14787 41.7233
70.6722 -19.0608 9.32254 30.2491
70.7659 -19.0176 9.25164 40.5694
71.8668 -19.2174 9.27205 6.3557
69.359 -18.8005 9.40941 16.5327
71.8649 -18.8446 9.37667 26.7881
75.3672 -18.8448 9.39195 16.7762
71.8954 -18.7058 9.36846 27.3155
75.4705 -18.643 9.34042 27.7074
78.0818 -18.411 9.3108 14.0181
84.5605 -18.3091 9.45104 13.7933
80.8471 -18.2018 9.39256 15.3675
87.9779 -17.9161 9.35055 41.2742
91.4761 -17.9455 9.42 23.8721
91.5406 -17.8826 9.37583 25.5266
92.1532 -17.5865 9.32243 15.0899
99.7407 -17.5359 9.25919 43.3003
99.8997 -17.5023 9.45067 42.741
97.4436 -17.427 9.34107 31.9583
71.658 -18.9331 9.50005 7.72153
71.8558 -18.8536 9.6297 26.3136
75.4301 -18.875 9.60533 18.6304
71.8509 -18.7144 9.72833 31.0068
75.4766 -18.6291 9.63702 35.9384
80.7176 -18.5354 9.55388 7.68286
75.4609 -18.4927 9.71396 24.7264
75.565 -18.479 9.67482 16.5233
77.9693 -18.36 9.73528 34.8887
80.8399 -18.2666 9.56057 5.67417
87.1268 -18.1413 9.63387 4.88225
87.6325 -18.1298 9.58206 7.1099
87.951 -18.0809 9.50913 19.4728
84.7739 -17.995 9.68522 16.8163
85.5964 -17.9372 9.5885 8.1741
88.3189 -17.7964 9.69672 13.4066
91.4903 -17.9332 9.66799 22.6903
91.5582 -17.8368 9.66219 35.5954
91.5678 -17.6876 9.58688 38.4713
97.4357 -17.4247 9.63303 43.4988
97.5415 -17.3447 9.53391 15.613
99.9111 -17.402 9.653 46.2253
90.0326 -9.59367 9.56547 5.96767
52.7808 -19.7814 9.93516 7.51407
70.737 -19.0056 9.86145 18.5672
71.0026 -19.0276 9.95981 3.64133
71.6434 -18.982 9.86536 7.72153
71.8133 -18.9653 9.942 29.7645
75.3887 -18.8167 9.90187 22.7576
75.5042 -18.9359 9.91089 5.4832
71.9289 -18.6606 9.78329 12.5504
75.4728 -18.6381 9.87358 23.9776
78.096 -18.3397 9.8387 15.863
84.5988 -18.3073 9.89972 22.8303
80.8929 -18.2013 9.88161 21.751
84.7707 -18.2237 9.93881 12.15
85.3245 -18.0313 9.98889 2.93199
87.9881 -18.0669 9.99722 26.4153
87.9685 -17.8926 9.83335 31.7811
91.4556 -17.9408 9.90989 31.1991
91.563 -17.875 9.86165 34.2127
92.5402 -17.6159 9.96141 13.3291
94.573 -17.6307 9.89166 17.4871
99.8504 -17.5448 9.87077 55.7491
97.4318 -17.3618 9.91956 20.8173
97.5688 -17.3303 9.98195 13.8782
71.8726 -18.8493 10.0574 32.4929
75.3889 -18.8471 10.1352 24.2748
71.9223 -18.6852 10.1845 22.5168
75.4762 -18.6312 10.0804 31.2241
75.594 -18.4751 10.1204 11.5278
87.9538 -18.274 10.2296 7.6931
86.7076 -18.1473 10.1701 19.6204
87.9234 -18.1677 10.0937 28.0409
84.8287 -17.9851 10.1624 15.3507
88.0303 -17.9618 10.2493 6.70718
88.3846 -17.7872 10.196 14.1952
91.5519 -17.891 10.1084 27.512
91.5636 -17.6939 10.1376 29.9382
97.4254 -17.3919 10.1188 40.7673
97.5849 -17.3444 10.1201 13.8782
99.9099 -17.4482 10.1521 46.2253
71.8373 -18.8983 10.4266 25.5479
75.3527 -18.8196 10.3757 16.7086
75.4302 -18.6138 10.4253 24.3886
78.185 -18.3379 10.3036 13.5969
84.625 -18.2925 10.3757 32.7116
80.9202 -18.1992 10.3641 17.3891
87.9166 -18.03 10.4846 34.2722
87.0105 -17.9582 10.498 10.3861
87.9774 -17.8716 10.3278 26.4155
89.0369 -17.8437 10.3447 3.45929
91.3896 -17.8632 10.4816 32.7418
91.5646 -17.8523 10.342 31.9082
91.4879 -17.7277 10.4505 24.9013
97.3132 -17.5502 10.3934 26.2825
99.7797 -17.5269 10.4248 21.6501
97.4372 -17.4833 10.2635 43.4988
71.7781 -18.7117 10.547 18.8409
74.9331 -18.5273 10.6209 12.4222
77.657 -18.5028 10.5009 24.7961
75.4289 -18.4981 10.5299 19.9816
77.6613 -18.3929 10.5852 11.7945
77.9188 -18.355 10.7165 9.97961
80.8303 -18.2186 10.6551 12.294
84.4547 -18.0001 10.6879 9.22463
91.5516 -18.0153 10.591 7.84218
84.9266 -17.9837 10.6549 11.3111
88.5612 -17.7994 10.6999 9.5009
91.1585 -17.8224 10.5147 17.3249
91.4308 -17.6772 10.6019 11.2811
92.6212 -17.6223 10.5168 11.9205
92.9252 -17.619 10.6892 11.3522
93.0791 -17.6417 10.7331 2.61517
97.3 -17.3485 10.6339 10.7995
99.7635 -17.2613 10.5713 14.201
73.0214 -18.603 10.9168 11.3793
74.6491 -18.5273 10.8511 9.54465
74.7862 -18.5187 10.8342 11.3122
75.1335 -18.5133 10.7767 10.515
75.0812 -18.4954 10.8803 10.6697
75.3678 -18.4896 10.9286 11.6048
80.9004 -18.2136 10.7894 13.2397
86.7549 -17.8835 10.9534 10.2019
87.2456 -17.8704 10.9015 8.1931
87.6707 -17.8441 10.8372 12.1924
88.1264 -17.823 10.7721 8.42447
91.3287 -17.6916 10.9795 10.6501
91.5568 -17.6594 10.7703 12.1488
92.4626 -17.6399 10.9073 10.1929
94.2993 -17.5409 10.9418 9.13357
94.3838 -17.4989 10.7629 9.13357
96.559 -17.3952 10.8509 9.02451
74.6536 -18.5672 11.2399 4.94908
74.8445 -18.5215 11.0124 9.93773
75.0027 -18.5188 11.1221 9.95837
77.6853 -18.4049 11.1794 14.8777
77.8564 -18.3643 11.1378 13.7719
78.0253 -18.3523 11.1615 10.5754
84.5679 -18.0691 11.2056 20.6273
85.4612 -17.9587 11.0991 11.1465
91.2904 -17.7475 11.1978 16.016
91.5036 -17.6861 11.1738 15.6199
92.6809 -17.6083 11.052 12.3462
94.6006 -17.5191 11.097 10.3441
97.3951 -17.3442 11.1693 13.1137
97.5025 -17.4241 11.1592 2.66319
63.1415 -19.2364 11.4036 5.13972
75.4344 -18.5872 11.3321 30.3567
77.6595 -18.5535 11.3664 14.8777
75.4771 -18.4891 11.4061 22.2872
84.676 -18.3136 11.4552 8.41156
80.9005 -18.1979 11.3363 18.4957
86.6964 -18.1574 11.4481 14.5571
87.9852 -18.0933 11.4755 20.3195
84.8637 -17.9932 11.3362 16.5626
87.9823 -17.9337 11.4073 39.2105
88.1843 -17.8077 11.3053 10.6926
91.3896 -17.8274 11.3058 21.213
91.5434 -17.7627 11.386 39.9176
97.4294 -17.5289 11.4618 37.2847
94.4631 -17.4919 11.2882 12.1477
96.1538 -17.393 11.4741 13.2782
97.4189 -17.4367 11.3181 36.3969
99.9177 -17.4033 11.4251 45.5284
76.8319 -18.4075 11.6016 11.2913
78.0451 -18.3456 11.6316 15.863
80.647 -18.4001 11.7262 38.9631
87.9888 -18.3157 11.5571 11.1123
87.9556 -18.1765 11.5839 23.1077
85.4711 -17.9502 11.5776 14.862
91.5542 -17.6975 11.6546 35.0002
94.5928 -17.5049 11.6539 12.1477
97.4291 -17.3293 11.7124 16.4804
65.949 -19.0892 11.807 4.18528
66.635 -19.0358 11.9052 4.79606
84.7083 -18.3209 11.8655 6.07502
87.9829 -18.3273 11.8782 11.967
84.9451 -18.0002 11.8811 12.5305
87.1006 -18.2138 11.8254 8.99805
87.9821 -18.0713 11.9733 34.2722
91.5466 -18.0011 11.9508 6.97082
84.9357 -17.987 11.792 14.5428
87.9838 -17.9056 11.9001 35.9086
88.3001 -17.8034 11.8558 14.4484
91.5872 -17.8435 11.8363 21.9812
94.5169 -17.4806 11.8134 12.1477
97.4351 -17.4187 11.8601 41.7233
99.9734 -17.1947 11.8978 12.471
68.3683 -19.273 12.1678 1.93415
68.618 -19.0849 12.1973 10.2609
76.8827 -18.419 12.1219 9.20485
77.9577 -18.3917 12.0315 35.8068
78.0815 -18.3427 12.0977 18.1292
87.9942 -18.2971 12.058 11.967
87.9433 -18.1337 12.0696 31.9354
85.5433 -17.9615 12.0855 11.8896
87.9857 -17.8933 12.208 28.4792
91.5673 -17.6559 12.2164 24.2977
92.4016 -17.6051 12.0673 13.3291
92.6838 -17.604 12.186 15.3264
94.3366 -17.5228 12.0609 10.386
94.6735 -17.5061 12.2223 22.9048
97.4294 -17.51 12.0377 42.6111
96.2144 -17.3828 12.0143 14.0718
97.1643 -17.2679 12.2298 20.8214
97.3411 -17.4004 12.1665 45.5563
84.628 -18.2974 12.3594 36.9174
80.8318 -18.191 12.286 15.1759
87.2786 -18.1381 12.4436 5.10948
87.8787 -18.0856 12.482 22.5885
84.9532 -17.9892 12.3821 17.7745
87.989 -17.8855 12.399 27.241
88.3697 -17.8108 12.3357 15.9693
91.4868 -17.9662 12.4563 55.3075
91.5684 -17.8181 12.3456 34.0354
94.3479 -17.5274 12.441 45.6679
94.4912 -17.4534 12.3401 34.2995
97.2545 -17.1914 12.3496 15.5927
70.7881 -19.1569 12.5181 4.95126
71.88 -18.9145 12.6697 10.3529
78.119 -18.3391 12.5649 12.0861
87.6952 -18.1449 12.5216 7.1099
87.9848 -18.0659 12.6323 26.8725
85.5712 -17.9539 12.5926 10.4034
87.983 -17.9246 12.6993 39.6232
88.0176 -17.8349 12.7438 11.1786
92.4519 -17.5986 12.61 12.9967
94.4908 -17.6136 12.5183 70.3855
94.7308 -17.5821 12.6741 42.1154
97.1379 -17.5366 12.5056 40.5687
99.8626 -17.5461 12.7274 35.7723
97.3897 -17.4535 12.6381 44.6803
99.8931 -17.4717 12.5695 44.5993
97.259 -17.1743 12.6005 17.152
73.2248 -18.7226 12.8609 3.29852
84.6439 -18.3367 12.8587 33.179
80.9011 -18.1907 12.7673 18.9699
84.7572 -18.2336 12.81 51.404
87.2701 -18.2202 12.8682 5.56835
87.9725 -18.0286 12.98 42.8402
91.5359 -18.0466 12.7941 62.7374
85.463 -17.9499 12.8141 14.1189
87.962 -17.9154 12.9301 43.7507
88.0515 -17.8216 12.8878 11.9239
88.4221 -17.8018 12.8533 12.5168
91.4823 -17.9367 12.8916 40.0625
91.5605 -17.8433 12.8673 29.4264
91.5959 -17.7048 12.8366 27.7688
92.5521 -17.5944 12.9524 12.9967
97.4224 -17.3304 12.8454 28.6238
75.3069 -18.975 13.1763 6.85341
75.4839 -18.7395 13.1945 8.31223
87.9372 -18.3117 13.0554 10.2575
87.9481 -18.1294 13.0874 34.1164
87.9555 -17.9023 13.21 33.0194
92.5282 -17.5787 13.1762 14.5258
94.3241 -17.6024 13.0744 14.706
94.8175 -17.619 13.145 41.0829
97.3941 -17.5595 13.1559 37.2336
97.4266 -17.4378 13.1735 37.5806
84.6324 -18.3384 13.3468 25.4216
87.5807 -18.2713 13.432 6.79946
80.9712 -18.1916 13.2507 18.9699
87.1997 -18.0141 13.4934 10.5274
87.3253 -18.1132 13.4692 8.81385
87.943 -18.0009 13.4767 30.4792
91.5628 -18.0315 13.3272 115.019
84.7606 -17.9998 13.2623 18.7946
85.5378 -17.9464 13.3144 12.6327
87.9482 -17.8905 13.4279 32.3016
88.0928 -17.8208 13.3295 10.6926
88.4726 -17.8124 13.3517 12.896
88.5525 -17.7894 13.3949 12.4243
91.4002 -17.9049 13.4815 21.9812
91.561 -17.857 13.3722 28.8356
91.5921 -17.6851 13.3191 28.3473
99.8662 -17.5262 13.3098 52.0325
97.4188 -17.4324 13.3021 36.8408
77.9697 -18.7794 13.5628 5.36297
78.0347 -18.507 13.5636 7.73945
78.9037 -18.4223 13.6895 3.79795
84.5449 -18.0236 13.6965 8.45591
87.7761 -18.0784 13.5015 18.9597
87.1689 -17.9151 13.5396 9.03141
87.767 -17.8492 13.7078 11.2545
91.019 -17.9422 13.5101 17.3249
94.6475 -17.5287 13.5989 14.4079
84.8393 -18.0079 13.8128 11.5281
84.8276 -17.995 13.7616 8.43061
86.8491 -17.8973 13.916 8.66965
87.3734 -17.865 13.9011 9.42207
87.8167 -17.8423 13.911 11.5568
88.1841 -17.8346 13.8035 8.9429
88.257 -17.8201 13.9168 9.88574
88.6223 -17.8033 13.9018 10.5527
91.3867 -17.6601 13.8472 11.0597
94.5009 -17.5138 13.7726 9.28945
97.0193 -17.3892 13.753 9.17553
97.4567 -17.3624 13.8483 11.7098
85.4696 -17.9766 14.0384 8.9172
87.1196 -17.8901 14.0452 8.90239
87.8581 -17.8504 14.2352 10.7313
94.66 -17.4999 14.2193 9.60526
96.6198 -17.3964 14.1703 9.64634
99.6604 -17.2605 14.041 10.0243
83.2869 -18.2227 14.3331 2.56007
86.7837 -17.8992 14.4597 9.47315
88.2614 -17.8334 14.3309 9.1253
88.6432 -17.8117 14.4195 9.74092
91.4717 -17.6544 14.416 10.5642
97.0786 -17.3789 14.3383 8.46972
97.5417 -17.3566 14.4222 9.97497
42.3931 -21.7658 14.5379 1.99881
42.4481 -21.607 14.5322 2.93564
42.475 -21.4342 14.5179 6.131
87.1536 -17.8814 14.5633 5.93493
99.6999 -17.2471 14.6411 2.17919
