# u1 v1 u2 v2 type semantic_support class_id confidence (type: 0=H, 1=V, 2=diagonal)
599.90 458.42 679.42 614.30 2 0.1698 4 0.4396
1612.39 544.40 1610.73 501.82 1 0.2763 4 0.3020
679.88 616.88 679.95 300.62 1 0.2795 6 0.7690
2048.53 321.90 2047.37 276.80 1 0.2642 2 0.1253
1527.94 571.57 1594.80 532.61 2 0.3163 6 0.2942
1723.78 451.14 1860.68 372.91 2 0.4725 4 0.5470
1612.80 502.13 1690.50 476.49 0 0.2110 4 0.3227
1944.36 323.14 2046.91 323.89 0 0.3974 4 0.2006
2233.33 1003.66 2023.10 996.26 0 0.4315 4 0.3644
2047.59 278.44 2464.11 42.06 2 0.5104 4 0.4417
216.14 614.74 324.05 463.61 2 0.1398 4 0.4865
133.98 622.71 218.37 611.16 0 0.1594 4 0.2478
283.85 668.12 284.28 628.12 1 0.2346 4 0.3832
2285.61 1102.38 2029.37 1093.29 0 0.3396 4 0.3390
937.12 1521.46 799.38 911.71 1 0.2232 4 0.5746
2189.15 370.62 2189.30 329.37 1 0.2670 4 0.5668
703.12 718.13 692.48 674.53 1 0.1879 6 0.4525
1161.85 504.20 998.11 507.43 0 0.3569 3 0.2582
434.32 1023.02 94.55 1193.47 2 0.3070 2 0.5626
